IoU: 0.28291867
Cor: 0.08283061
