IoU: 0.38082915
Cor: 0.29079913
