IoU: 0.20250921
Cor: 0.21192162
